-1.3283433409259835
-0.7237552808241925,-2.9295513348999327,-1.411415636511669,-1.695124619691061
-0.39743978196790364,-1.0501250451683677,-0.48833624753104576,-0.541931659059786,-1.8151927061514905,-0.7476607487673026
0.46672835027025217
-39.21783958199329,-13.156523862920546,-20.142945417506038,-35.72722326986243
-0.1417453245691893,-13.203158206662296,-5.963511207891616,-6.546858657183635,-8.404672710998515,-1.0003196272578998,-5.678537625585722,-4.530076045968822,-4.966104066971323,-9.282589821919764,-7.391878242486499,-7.410685909368393,-2.8012576621850194,-10.936616356574042,-5.572174104785168,-9.071211506781452,-7.313452802087226,-5.532208059399375,-0.48796392174223335,-1.2142337598242887,-5.049463198687054,-8.998729515525824,-3.9597189355462534,-3.96139696027459,-5.316386244274228,-6.791307758405482,-8.575383719879419,-5.217405053538272,-1.7201031311915391,-3.8998955236234027,-6.195248292505468,-3.1873361265749827,-3.0621537284503817,-2.134457542108298,-4.886075974228316,-2.2049180102753394,-4.250127079768328,-5.426007649184181,-3.491674321659765,-10.786206373756006,-1.2236710188884692,-1.81230745332229,-2.8562032564119555,-12.249229534796067,-7.343652585685055,-1.4964766480478042,-6.866489240633508,-8.59150337010333,-12.64127299858318,-2.7313170018049506,-6.855934909143034,-12.610871889377766,-1.9864648905472717,-13.674349286931033,-12.764984179044358,0.3452587159151237,-1.493136428692804,-5.20017892713698,-1.5009014729971497,-6.0671910217509994,-3.7019078400519208,-5.804224622598973,-1.4495334056878553,-4.4421521865264,-6.2948907315214075,-2.520313731268689,-5.922178720762378,-7.74330770672725,-1.9393708960600349,0.1198456247372468,-1.5656057133710635,0.3604727829692649,-5.081054996066204,-2.409237032017995,-12.757930541294145,-11.452971406283172,-8.72213368697406,-5.680269713818689,-2.401132419528412,-11.213626462199429,-3.2248153416683216,-1.8456943149412866,-5.683317188016828,-5.717707296616782,-7.406151988859641,-0.3238218072694583,-8.11810460681834,-3.6978619788830835,-6.254768591851979,-11.946334470642253,-11.333937924869184,-0.8809968976208384,-8.151200945108616,-8.975449708467869,-6.8954251417193735,-7.771185051502628,-6.00284867401029,-6.857769780254243,-9.085046800959397,-4.381887128184402
-13.922612298138873,-10.743455830212737,-22.73929963678933,-11.328998194252703,-21.914024383640538,-22.311642048793708,-16.044478500408765,-15.76448398679815,-16.412241547236842,-20.943640398996532
-354.9676347563226,-693.1771467391799,-866.9385811169352,-325.23334425961474,-70.00029979157152,-716.0435427440856,-707.6829676134763,-406.24968011104477,-325.07615908426396,-199.66454195503243,-466.71315532794085,-738.0720344195262,-303.16411511332575,-444.48433429331334,-283.225934185155,-619.7671290663417,-265.25311457092334,-212.31407486995278,-474.39489319366885,-466.53888457090994
-537.7992983330423,-701.490063749699,-868.4749557435667,-635.2310545231868,-867.7829668121437,-1379.0695932374335,-268.6667611522906,-1563.9608642357198,-1185.1177640535477,-1344.640240321605,-1034.207358417635,-1663.5369134286025,-1675.5079719627447,-1050.6784183674708,-1907.6404866615374,-920.708224613708,-671.996787171949,-1087.5897499608564,-135.13444802740798,-1405.3690951358926
-3368.463009840459,-4628.8196010965885,-1015.7888263547432,-2861.60406153447,-1726.4226484074024,-1724.144432831489,-1663.5736597778011,-1495.4132968280323,-2125.182279416373,-1788.435296391788,-1792.7525209891212,-1300.069841184865,-1784.6068401911934,-1132.4333932118163,-1193.1653555649416,-1942.361467219292,-1222.1354524719445,-1893.8576980346293,-952.293410931153,-3141.8332945586794,-2754.819649665664,-1178.225241457512,-1434.8645422050163,-1120.554262182823,-2328.0528581497797,-2042.7525552375596,-1964.4687992394008,-1775.3596400325714,-1340.1151666735454,-1856.8810373640506
